-0.42 1
1.975 1
0.374 1
-1.566 1
-1.465 1
-1.164 1
0.462 1
3.292 1
-1.038 1
0.854 1
1.842 1
-0.641 1
2.84 1
1.786 1
0.763 1
0.531 1
0.426 1
-0.057 1
2.654 1
-0.149 1
0.208 1
-1.73 1
0.092 1
-2.374 1
-1.866 1
2.746 1
0.513 1
-1.675 1
-0.182 1
-4.702 1
-0.257 1
0.276 1
0.103 1
-0.405 1
2.078 1
0.314 1
-1.049 1
0.383 1
1.535 1
-0.665 1
-0.948 1
0.414 1
-0.927 1
1.117 1
-0.854 1
-0.478 1
-0.989 1
0.121 1
1.546 1
-0.611 1
-3.196 2
-0.153 2
0.954 2
0.175 2
-1.211 2
-0.505 2
-0.769 2
1.807 2
1.165 2
0.71 2
-0.642 2
-2.091 2
-1.168 2
-1.042 2
0.838 2
0.195 2
-0.01 2
1.668 2
-1.64 2
-0.727 2
-0.472 2
-0.448 2
-0.14 2
1.082 2
-0.913 2
-0.349 2
-1.309 2
-0.059 2
-1.41 2
0.256 2
-0.327 2
1.189 2
0.426 2
-0.984 2
-0.536 2
-1.122 2
2.242 2
-0.298 2
0.329 2
-2.908 2
0.245 2
-0.757 2
0.974 2
1.601 2
-1.822 2
0.839 2
0.899 2
1.969 2
-1.415 2
0.06 2
