0.736 -0.42
1.551 -4.22
0.292 1.652
0.92 -1.28
0.945 -1.397
-1.165 8.445
-1.552 10.249
-2.779 15.966
-0.271 4.275
-1.398 9.53
-0.475 5.225
-2.601 15.136
0.862 -1.008
0.269 1.758
0.961 -1.468
1.163 -2.409
-0.222 4.047
0.897 -1.173
0.797 -0.703
-0.708 6.313
-1.175 8.488
-0.303 4.422
-0.567 5.657
0.767 -0.567
-0.592 5.771
1.78 -5.289
0.112 2.489
0.2 2.079
0.309 1.573
-0.6 5.809
0.273 1.739
-0.769 6.595
-0.948 7.432
-0.994 7.644
-0.244 4.146
1.457 -3.782
-0.916 7.279
-2.216 13.343
0.34 1.428
0.685 -0.185
-0.205 3.967
-0.085 3.407
-1.058 7.944
-0.648 6.031
-0.161 3.76
-0.259 4.218
1.057 -1.915
0.579 0.312
0.062 2.723
-1.435 9.699
