-0.193 2.254
1.029 -0.262
1.268 0.254
0.504 -0.391
0.97 1.328
3.193 0.518
2.319 0.201
0.974 -0.945
2.17 0.185
0.76 0.932
2.127 0.862
0.758 -0.026
-0.496 -0.403
2.234 1.773
0.324 -0.651
3.603 0.755
-0.358 -0.728
0.264 -0.248
2.649 1.16
1.671 1.139
3.093 -0.18
1.544 2.327
0.936 -1.06
1.62 0.142
2.993 -0.805
-0.159 2.035
1.539 0.953
0.556 1.452
0.734 -1.871
1.089 1.014
-0.581 0.933
1.876 0.829
2.983 0.231
0.941 -0.657
2.777 0.966
1.408 1.179
0.431 -0.974
0.092 0.611
0.971 1.298
2.315 -0.344
0.039 1.365
0.893 1.824
0.883 0.056
-0.229 -0.521
2.407 0.705
0.152 -0.856
1.262 1.594
0.175 1.041
2.344 1.877
-0.734 -1.065
